77  90  144 0   3   0   0   0   4   0   0   0   255 255 0   0  
184 0   0   0   0   0   0   0   64  0   0   0   0   0   0   0  
0   0   0   0   0   0   0   0   0   0   0   0   0   0   0   0  
0   0   0   0   0   0   0   0   0   0   0   0   240 0   0   0  
14  31  186 14  0   180 9   205 33  184 1   76  205 33  84  104
105 115 32  112 114 111 103 114 97  109 32  99  97  110 110 111
116 32  98  101 32  114 117 110 32  105 110 32  68  79  83  32 
109 111 100 101 46  13  13  10  36  0   0   0   0   0   0   0  
137 46  88  105 205 79  54  58  205 79  54  58  205 79  54  58 
139 30  235 58  207 79  54  58  139 30  233 58  204 79  54  58 
139 30  214 58  222 79  54  58  139 30  215 58  207 79  54  58 
16  176 253 58  200 79  54  58  205 79  55  58  235 79  54  58 
192 29  211 58  204 79  54  58  192 29  237 58  204 79  54  58 
192 29  232 58  204 79  54  58  82  105 99  104 205 79  54  58 
0   0   0   0   0   0   0   0   0   0   0   0   0   0   0   0  
80  69  0   0   76  1   5   0   40  180 150 94  0   0   0   0  
0   0   0   0   224 0   2   1   11  1   12  0   0   10  0   0  
0   16  0   0   0   0   0   0   42  17  0   0   0   16  0   0  
0   32  0   0   0   0   64  0   0   16  0   0   0   2   0   0  
6   0   0   0   0   0   0   0   6   0   0   0   0   0   0   0  
0   96  0   0   0   4   0   0   0   0   0   0   2   0   64  129
0   0   16  0   0   16  0   0   0   0   16  0   0   16  0   0  
0   0   0   0   16  0   0   0   0   0   0   0   0   0   0   0  
100 34  0   0   80  0   0   0   0   64  0   0   224 1   0   0  
0   0   0   0   0   0   0   0   0   0   0   0   0   0   0   0  
0   80  0   0   80  1   0   0   208 32  0   0   56  0   0   0  
0   0   0   0   0   0   0   0   0   0   0   0   0   0   0   0  
0   0   0   0   0   0   0   0   32  33  0   0   64  0   0   0  
0   0   0   0   0   0   0   0   0   32  0   0   164 0   0   0  
0   0   0   0   0   0   0   0   0   0   0   0   0   0   0   0  
0   0   0   0   0   0   0   0   46  116 101 120 116 0   0   0  
148 8   0   0   0   16  0   0   0   10  0   0   0   4   0   0  
0   0   0   0   0   0   0   0   0   0   0   0   32  0   0   96 
46  114 100 97  116 97  0   0   22  6   0   0   0   32  0   0  
0   8   0   0   0   14  0   0   0   0   0   0   0   0   0   0  
0   0   0   0   64  0   0   64  46  100 97  116 97  0   0   0  
124 3   0   0   0   48  0   0   0   2   0   0   0   22  0   0  
0   0   0   0   0   0   0   0   0   0   0   0   64  0   0   192
46  114 115 114 99  0   0   0   224 1   0   0   0   64  0   0  
0   2   0   0   0   24  0   0   0   0   0   0   0   0   0   0  
0   0   0   0   64  0   0   64  46  114 101 108 111 99  0   0  
80  1   0   0   0   80  0   0   0   2   0   0   0   26  0   0  
0   0   0   0   0   0   0   0   0   0   0   0   64  0   0   66 
0   0   0   0   0   0   0   0   0   0   0   0   0   0   0   0  
0   0   0   0   0   0   0   0   0   0   0   0   0   0   0   0  
0   0   0   0   0   0   0   0   0   0   0   0   0   0   0   0  
0   0   0   0   0   0   0   0   0   0   0   0   0   0   0   0  
0   0   0   0   0   0   0   0   0   0   0   0   0   0   0   0  
0   0   0   0   0   0   0   0   0   0   0   0   0   0   0   0  
0   0   0   0   0   0   0   0   0   0   0   0   0   0   0   0  
0   0   0   0   0   0   0   0   0   0   0   0   0   0   0   0  
0   0   0   0   0   0   0   0   0   0   0   0   0   0   0   0  
0   0   0   0   0   0   0   0   0   0   0   0   0   0   0   0  
0   0   0   0   0   0   0   0   0   0   0   0   0   0   0   0  
0   0   0   0   0   0   0   0   0   0   0   0   0   0   0   0  
0   0   0   0   0   0   0   0   0   0   0   0   0   0   0   0  
0   0   0   0   0   0   0   0   0   0   0   0   0   0   0   0  
0   0   0   0   0   0   0   0   0   0   0   0   0   0   0   0  
0   0   0   0   0   0   0   0   0   0   0   0   0   0   0   0  
0   0   0   0   0   0   0   0   0   0   0   0   0   0   0   0  
0   0   0   0   0   0   0   0   0   0   0   0   0   0   0   0  
0   0   0   0   0   0   0   0   0   0   0   0   0   0   0   0  
0   0   0   0   0   0   0   0   0   0   0   0   0   0   0   0  
0   0   0   0   0   0   0   0   0   0   0   0   0   0   0   0  
106 0   104 16  33  64  0   104 24  33  64  0   106 0   255 21 
156 32  64  0   194 16  0   59  13  0   48  64  0   117 2   243
195 233 255 2   0   0   184 77  90  0   0   102 57  5   0   0  
64  0   116 4   51  192 235 52  139 13  60  0   64  0   129 185
0   0   64  0   80  69  0   0   117 234 184 11  1   0   0   102
57  129 24  0   64  0   117 220 51  192 131 185 116 0   64  0  
14  118 9   57  129 232 0   64  0   15  149 192 106 2   163 32 
48  64  0   255 21  128 32  64  0   89  106 255 255 21  24  32 
64  0   139 13  64  32  64  0   163 112 51  64  0   163 116 51 
64  0   161 100 51  64  0   137 1   139 13  68  32  64  0   161
88  51  64  0   137 1   232 175 6   0   0   232 173 5   0   0  
131 61  8   48  64  0   0   117 12  104 93  22  64  0   255 21 
48  32  64  0   89  232 208 6   0   0   131 61  16  48  64  0  
255 117 9   106 255 255 21  44  32  64  0   89  51  192 195 104
122 23  64  0   232 92  6   0   0   161 96  51  64  0   199 4  
36  52  48  64  0   255 53  92  51  64  0   163 52  48  64  0  
104 44  48  64  0   104 40  48  64  0   104 36  48  64  0   255
21  132 32  64  0   131 196 20  163 48  48  64  0   133 192 121
8   106 8   232 78  3   0   0   89  195 232 146 4   0   0   233
0   0   0   0   106 20  104 8   34  64  0   232 144 6   0   0  
51  246 137 117 228 137 117 224 255 21  140 32  64  0   15  183
216 137 117 252 100 161 24  0   0   0   139 80  4   139 254 190
104 51  64  0   139 202 51  192 240 15  177 14  133 192 116 11 
59  194 117 240 51  246 70  139 254 235 3   51  246 70  57  53 
108 51  64  0   117 10  106 31  232 233 2   0   0   89  235 59 
131 61  108 51  64  0   0   117 44  137 53  108 51  64  0   104
192 32  64  0   104 176 32  64  0   232 20  6   0   0   89  89 
133 192 116 23  199 69  252 254 255 255 255 184 255 0   0   0  
233 29  1   0   0   137 53  24  48  64  0   57  53  108 51  64 
0   117 27  104 172 32  64  0   104 164 32  64  0   232 230 5  
0   0   89  89  199 5   108 51  64  0   2   0   0   0   133 255
117 9   51  192 185 104 51  64  0   135 1   131 61  120 51  64 
0   0   116 27  104 120 51  64  0   232 194 2   0   0   89  133
192 116 12  106 0   106 2   106 0   255 21  120 51  64  0   161
60  32  64  0   139 48  137 117 228 139 125 224 138 14  128 249
32  119 59  132 201 116 4   133 255 117 51  138 6   132 192 116
10  60  32  119 6   70  137 117 228 235 240 83  86  106 0   104
0   0   64  0   232 167 253 255 255 163 28  48  64  0   131 61 
32  48  64  0   0   117 96  80  255 21  124 32  64  0   128 249
34  117 12  51  192 133 255 15  148 192 139 248 137 125 224 15 
182 193 80  255 21  40  32  64  0   89  133 192 116 4   70  137
117 228 70  137 117 228 235 148 139 77  236 139 1   139 0   137
69  220 81  80  232 199 1   0   0   89  89  195 139 101 232 139
69  220 163 28  48  64  0   131 61  32  48  64  0   0   117 7  
80  255 21  76  32  64  0   131 61  24  48  64  0   0   117 11 
255 21  36  32  64  0   161 28  48  64  0   199 69  252 254 255
255 255 232 46  5   0   0   195 85  139 236 255 21  20  32  64 
0   106 1   163 84  51  64  0   232 79  5   0   0   255 117 8  
232 77  5   0   0   131 61  84  51  64  0   0   89  89  117 8  
106 1   232 53  5   0   0   89  104 9   4   0   192 232 54  5  
0   0   89  93  195 85  139 236 129 236 36  3   0   0   106 23 
232 89  5   0   0   133 192 116 5   106 2   89  205 41  163 56 
49  64  0   137 13  52  49  64  0   137 21  48  49  64  0   137
29  44  49  64  0   137 53  40  49  64  0   137 61  36  49  64 
0   102 140 21  80  49  64  0   102 140 13  68  49  64  0   102
140 29  32  49  64  0   102 140 5   28  49  64  0   102 140 37 
24  49  64  0   102 140 45  20  49  64  0   156 143 5   72  49 
64  0   139 69  0   163 60  49  64  0   139 69  4   163 64  49 
64  0   141 69  8   163 76  49  64  0   139 133 220 252 255 255
199 5   136 48  64  0   1   0   1   0   161 64  49  64  0   163
68  48  64  0   199 5   56  48  64  0   9   4   0   192 199 5  
60  48  64  0   1   0   0   0   199 5   72  48  64  0   1   0  
0   0   106 4   88  107 192 0   199 128 76  48  64  0   2   0  
0   0   106 4   88  107 192 0   139 13  0   48  64  0   137 76 
5   248 106 4   88  193 224 0   139 13  4   48  64  0   137 76 
5   248 104 8   33  64  0   232 204 254 255 255 139 229 93  195
85  139 236 139 69  8   139 0   129 56  99  115 109 224 117 37 
131 120 16  3   117 31  139 64  20  61  32  5   147 25  116 27 
61  33  5   147 25  116 20  61  34  5   147 25  116 13  61  0  
64  153 1   116 6   51  192 93  194 4   0   232 254 3   0   0  
204 104 32  20  64  0   232 249 3   0   0   89  51  192 195 204
255 37  144 32  64  0   255 37  136 32  64  0   204 204 204 204
85  139 236 139 69  8   51  210 83  86  87  139 72  60  3   200
15  183 65  20  15  183 89  6   131 192 24  3   193 133 219 116
27  139 125 12  139 112 12  59  254 114 9   139 72  8   3   206
59  249 114 10  66  131 192 40  59  211 114 232 51  192 95  94 
91  93  195 204 204 204 204 204 204 204 204 204 204 204 204 204
85  139 236 106 254 104 40  34  64  0   104 41  24  64  0   100
161 0   0   0   0   80  131 236 8   83  86  87  161 0   48  64 
0   49  69  248 51  197 80  141 69  240 100 163 0   0   0   0  
137 101 232 199 69  252 0   0   0   0   104 0   0   64  0   232
124 0   0   0   131 196 4   133 192 116 84  139 69  8   45  0  
0   64  0   80  104 0   0   64  0   232 82  255 255 255 131 196
8   133 192 116 58  139 64  36  193 232 31  247 208 131 224 1  
199 69  252 254 255 255 255 139 77  240 100 137 13  0   0   0  
0   89  95  94  91  139 229 93  195 139 69  236 139 0   51  201
129 56  5   0   0   192 15  148 193 139 193 195 139 101 232 199
69  252 254 255 255 255 51  192 139 77  240 100 137 13  0   0  
0   0   89  95  94  91  139 229 93  195 204 204 204 204 204 204
85  139 236 139 69  8   185 77  90  0   0   102 57  8   116 4  
51  192 93  195 139 72  60  3   200 51  192 129 57  80  69  0  
0   117 12  186 11  1   0   0   102 57  81  24  15  148 192 93 
195 85  139 236 131 236 20  131 101 244 0   131 101 248 0   161
0   48  64  0   86  87  191 78  230 64  187 190 0   0   255 255
59  199 116 13  133 198 116 9   247 208 163 4   48  64  0   235
102 141 69  244 80  255 21  28  32  64  0   139 69  248 51  69 
244 137 69  252 255 21  4   32  64  0   49  69  252 255 21  8  
32  64  0   49  69  252 141 69  236 80  255 21  12  32  64  0  
139 77  240 141 69  252 51  77  236 51  77  252 51  200 59  207
117 7   185 79  230 64  187 235 16  133 206 117 12  139 193 13 
17  71  0   0   193 224 16  11  200 137 13  0   48  64  0   247
209 137 13  4   48  64  0   95  94  139 229 93  195 51  192 195
131 61  116 51  64  0   0   116 3   51  192 195 86  106 4   106
32  255 21  100 32  64  0   89  89  139 240 86  255 21  24  32 
64  0   163 116 51  64  0   163 112 51  64  0   133 246 117 5  
106 24  88  94  195 131 38  0   51  192 94  195 106 20  104 72 
34  64  0   232 40  1   0   0   131 101 220 0   255 53  116 51 
64  0   139 53  0   32  64  0   255 214 137 69  228 131 248 255
117 12  255 117 8   255 21  108 32  64  0   89  235 101 106 8  
232 149 1   0   0   89  131 101 252 0   255 53  116 51  64  0  
255 214 137 69  228 255 53  112 51  64  0   255 214 137 69  224
141 69  224 80  141 69  228 80  255 117 8   139 53  24  32  64 
0   255 214 80  232 109 1   0   0   131 196 12  139 248 137 125
220 255 117 228 255 214 163 116 51  64  0   255 117 224 255 214
163 112 51  64  0   199 69  252 254 255 255 255 232 11  0   0  
0   139 199 232 221 0   0   0   195 139 125 220 106 8   232 45 
1   0   0   89  195 85  139 236 255 117 8   232 76  255 255 255
247 216 89  27  192 247 216 72  93  195 86  87  190 248 33  64 
0   191 248 33  64  0   235 11  139 6   133 192 116 2   255 208
131 198 4   59  247 114 241 95  94  195 86  87  190 0   34  64 
0   191 0   34  64  0   235 11  139 6   133 192 116 2   255 208
131 198 4   59  247 114 241 95  94  195 86  104 0   0   3   0  
104 0   0   1   0   51  246 86  232 213 0   0   0   131 196 12 
133 192 117 2   94  195 86  86  86  86  86  232 188 0   0   0  
204 204 255 37  52  32  64  0   255 37  56  32  64  0   204 204
104 41  24  64  0   100 255 53  0   0   0   0   139 68  36  16 
137 108 36  16  141 108 36  16  43  224 83  86  87  161 0   48 
64  0   49  69  252 51  197 80  137 101 232 255 117 248 139 69 
252 199 69  252 254 255 255 255 137 69  248 141 69  240 100 163
0   0   0   0   195 139 77  240 100 137 13  0   0   0   0   89 
95  95  94  91  139 229 93  81  195 85  139 236 255 117 20  255
117 16  255 117 12  255 117 8   104 23  16  64  0   104 0   48 
64  0   232 65  0   0   0   131 196 24  93  195 255 37  72  32 
64  0   255 37  148 32  64  0   255 37  80  32  64  0   255 37 
84  32  64  0   255 37  88  32  64  0   255 37  92  32  64  0  
255 37  96  32  64  0   255 37  104 32  64  0   255 37  112 32 
64  0   255 37  116 32  64  0   255 37  120 32  64  0   255 37 
16  32  64  0   0   0   0   0   0   0   0   0   0   0   0   0  
0   0   0   0   0   0   0   0   0   0   0   0   0   0   0   0  
0   0   0   0   0   0   0   0   0   0   0   0   0   0   0   0  
0   0   0   0   0   0   0   0   0   0   0   0   0   0   0   0  
0   0   0   0   0   0   0   0   0   0   0   0   0   0   0   0  
0   0   0   0   0   0   0   0   0   0   0   0   0   0   0   0  
0   0   0   0   0   0   0   0   0   0   0   0   0   0   0   0  
0   0   0   0   0   0   0   0   0   0   0   0   0   0   0   0  
0   0   0   0   0   0   0   0   0   0   0   0   0   0   0   0  
0   0   0   0   0   0   0   0   0   0   0   0   0   0   0   0  
0   0   0   0   0   0   0   0   0   0   0   0   0   0   0   0  
0   0   0   0   0   0   0   0   0   0   0   0   0   0   0   0  
0   0   0   0   0   0   0   0   0   0   0   0   0   0   0   0  
0   0   0   0   0   0   0   0   0   0   0   0   0   0   0   0  
0   0   0   0   0   0   0   0   0   0   0   0   0   0   0   0  
0   0   0   0   0   0   0   0   0   0   0   0   0   0   0   0  
0   0   0   0   0   0   0   0   0   0   0   0   0   0   0   0  
0   0   0   0   0   0   0   0   0   0   0   0   0   0   0   0  
0   0   0   0   0   0   0   0   0   0   0   0   0   0   0   0  
0   0   0   0   0   0   0   0   0   0   0   0   0   0   0   0  
0   0   0   0   0   0   0   0   0   0   0   0   0   0   0   0  
0   0   0   0   0   0   0   0   0   0   0   0   0   0   0   0  
0   0   0   0   0   0   0   0   0   0   0   0   0   0   0   0  
248 37  0   0   200 37  0   0   178 37  0   0   152 37  0   0  
124 37  0   0   104 37  0   0   88  37  0   0   222 37  0   0  
0   0   0   0   218 35  0   0   228 35  0   0   242 35  0   0  
8   36  0   0   28  36  0   0   42  36  0   0   54  36  0   0  
64  36  0   0   74  36  0   0   86  36  0   0   210 35  0   0  
134 36  0   0   158 36  0   0   178 36  0   0   228 36  0   0  
236 36  0   0   246 36  0   0   4   37  0   0   18  37  0   0  
28  37  0   0   46  37  0   0   62  37  0   0   202 35  0   0  
184 35  0   0   168 35  0   0   154 35  0   0   128 35  0   0  
114 35  0   0   108 36  0   0   0   0   0   0   88  35  0   0  
0   0   0   0   0   0   0   0   223 16  64  0   0   0   0   0  
0   0   0   0   38  16  64  0   96  22  64  0   97  20  64  0  
0   0   0   0   0   0   0   0   0   0   0   0   0   0   0   0  
0   0   0   0   40  180 150 94  0   0   0   0   2   0   0   0  
114 0   0   0   104 33  0   0   104 15  0   0   0   0   0   0  
40  180 150 94  0   0   0   0   12  0   0   0   20  0   0   0  
220 33  0   0   220 15  0   0   56  48  64  0   136 48  64  0  
204 225 202 190 0   0   0   0   104 97  104 97  104 0   0   0  
72  0   0   0   0   0   0   0   0   0   0   0   0   0   0   0  
0   0   0   0   0   0   0   0   0   0   0   0   0   0   0   0  
0   0   0   0   0   0   0   0   0   0   0   0   0   0   0   0  
0   0   0   0   0   0   0   0   0   0   0   0   0   48  64  0  
240 33  64  0   1   0   0   0   82  83  68  83  46  128 8   138
184 13  151 64  190 208 56  54  190 24  178 230 1   0   0   0  
68  58  92  68  111 99  117 109 101 110 116 115 92  86  105 115
117 97  108 32  83  116 117 100 105 111 32  50  48  49  51  92 
80  114 111 106 101 99  116 115 92  71  114 97  100 117 97  116
105 111 110 95  80  114 111 106 101 99  116 92  86  66  65  116
101 115 116 92  116 101 115 116 92  82  101 108 101 97  115 101
92  116 101 115 116 46  112 100 98  0   0   0   0   0   0   0  
22  0   0   0   22  0   0   0   1   0   0   0   0   0   0   0  
41  24  0   0   0   0   0   0   0   0   0   0   0   0   0   0  
0   0   0   0   0   0   0   0   254 255 255 255 0   0   0   0  
204 255 255 255 0   0   0   0   254 255 255 255 152 18  64  0  
172 18  64  0   0   0   0   0   254 255 255 255 0   0   0   0  
216 255 255 255 0   0   0   0   254 255 255 255 89  21  64  0  
108 21  64  0   0   0   0   0   254 255 255 255 0   0   0   0  
204 255 255 255 0   0   0   0   254 255 255 255 0   0   0   0  
57  23  64  0   80  35  0   0   0   0   0   0   0   0   0   0  
102 35  0   0   156 32  0   0   216 34  0   0   0   0   0   0  
0   0   0   0   214 36  0   0   36  32  0   0   180 34  0   0  
0   0   0   0   0   0   0   0   8   38  0   0   0   32  0   0  
0   0   0   0   0   0   0   0   0   0   0   0   0   0   0   0  
0   0   0   0   248 37  0   0   200 37  0   0   178 37  0   0  
152 37  0   0   124 37  0   0   104 37  0   0   88  37  0   0  
222 37  0   0   0   0   0   0   218 35  0   0   228 35  0   0  
242 35  0   0   8   36  0   0   28  36  0   0   42  36  0   0  
54  36  0   0   64  36  0   0   74  36  0   0   86  36  0   0  
210 35  0   0   134 36  0   0   158 36  0   0   178 36  0   0  
228 36  0   0   236 36  0   0   246 36  0   0   4   37  0   0  
18  37  0   0   28  37  0   0   46  37  0   0   62  37  0   0  
202 35  0   0   184 35  0   0   168 35  0   0   154 35  0   0  
128 35  0   0   114 35  0   0   108 36  0   0   0   0   0   0  
88  35  0   0   0   0   0   0   70  2   77  101 115 115 97  103
101 66  111 120 65  0   85  83  69  82  51  50  46  100 108 108
0   0   107 1   95  88  99  112 116 70  105 108 116 101 114 0  
157 1   95  95  99  114 116 71  101 116 83  104 111 119 87  105
110 100 111 119 77  111 100 101 0   0   23  2   95  97  109 115
103 95  101 120 105 116 0   0   182 1   95  95  103 101 116 109
97  105 110 97  114 103 115 0   242 1   95  95  115 101 116 95 
97  112 112 95  116 121 112 101 0   0   78  6   101 120 105 116
0   0   131 2   95  101 120 105 116 0   47  2   95  99  101 120
105 116 0   0   49  3   95  105 115 109 98  98  108 101 97  100
0   0   64  2   95  99  111 110 102 105 103 116 104 114 101 97 
100 108 111 99  97  108 101 0   244 1   95  95  115 101 116 117
115 101 114 109 97  116 104 101 114 114 0   0   13  3   95  105
110 105 116 116 101 114 109 95  101 0   12  3   95  105 110 105
116 116 101 114 109 0   14  2   95  97  99  109 100 108 110 0  
162 2   95  102 109 111 100 101 0   0   63  2   95  99  111 109
109 111 100 101 0   0   80  2   95  99  114 116 95  100 101 98 
117 103 103 101 114 95  104 111 111 107 0   0   172 1   95  95 
99  114 116 85  110 104 97  110 100 108 101 100 69  120 99  101
112 116 105 111 110 0   171 1   95  95  99  114 116 84  101 114
109 105 110 97  116 101 80  114 111 99  101 115 115 0   53  1  
63  116 101 114 109 105 110 97  116 101 64  64  89  65  88  88 
90  0   169 1   95  95  99  114 116 83  101 116 85  110 104 97 
110 100 108 101 100 69  120 99  101 112 116 105 111 110 70  105
108 116 101 114 0   0   77  83  86  67  82  49  50  48  46  100
108 108 0   0   148 3   95  108 111 99  107 0   4   5   95  117
110 108 111 99  107 0   46  2   95  99  97  108 108 111 99  95 
99  114 116 0   174 1   95  95  100 108 108 111 110 101 120 105
116 0   58  4   95  111 110 101 120 105 116 0   20  3   95  105
110 118 111 107 101 95  119 97  116 115 111 110 0   0   67  2  
95  99  111 110 116 114 111 108 102 112 95  115 0   0   122 2  
95  101 120 99  101 112 116 95  104 97  110 100 108 101 114 52 
95  99  111 109 109 111 110 0   33  1   69  110 99  111 100 101
80  111 105 110 116 101 114 0   103 3   73  115 68  101 98  117
103 103 101 114 80  114 101 115 101 110 116 0   109 3   73  115
80  114 111 99  101 115 115 111 114 70  101 97  116 117 114 101
80  114 101 115 101 110 116 0   45  4   81  117 101 114 121 80 
101 114 102 111 114 109 97  110 99  101 67  111 117 110 116 101
114 0   10  2   71  101 116 67  117 114 114 101 110 116 80  114
111 99  101 115 115 73  100 0   14  2   71  101 116 67  117 114
114 101 110 116 84  104 114 101 97  100 73  100 0   0   214 2  
71  101 116 83  121 115 116 101 109 84  105 109 101 65  115 70 
105 108 101 84  105 109 101 0   254 0   68  101 99  111 100 101
80  111 105 110 116 101 114 0   75  69  82  78  69  76  51  50 
46  100 108 108 0   0   0   0   0   0   0   0   0   0   0   0  
0   0   0   0   0   0   0   0   0   0   0   0   0   0   0   0  
0   0   0   0   0   0   0   0   0   0   0   0   0   0   0   0  
0   0   0   0   0   0   0   0   0   0   0   0   0   0   0   0  
0   0   0   0   0   0   0   0   0   0   0   0   0   0   0   0  
0   0   0   0   0   0   0   0   0   0   0   0   0   0   0   0  
0   0   0   0   0   0   0   0   0   0   0   0   0   0   0   0  
0   0   0   0   0   0   0   0   0   0   0   0   0   0   0   0  
0   0   0   0   0   0   0   0   0   0   0   0   0   0   0   0  
0   0   0   0   0   0   0   0   0   0   0   0   0   0   0   0  
0   0   0   0   0   0   0   0   0   0   0   0   0   0   0   0  
0   0   0   0   0   0   0   0   0   0   0   0   0   0   0   0  
0   0   0   0   0   0   0   0   0   0   0   0   0   0   0   0  
0   0   0   0   0   0   0   0   0   0   0   0   0   0   0   0  
0   0   0   0   0   0   0   0   0   0   0   0   0   0   0   0  
0   0   0   0   0   0   0   0   0   0   0   0   0   0   0   0  
0   0   0   0   0   0   0   0   0   0   0   0   0   0   0   0  
0   0   0   0   0   0   0   0   0   0   0   0   0   0   0   0  
0   0   0   0   0   0   0   0   0   0   0   0   0   0   0   0  
0   0   0   0   0   0   0   0   0   0   0   0   0   0   0   0  
0   0   0   0   0   0   0   0   0   0   0   0   0   0   0   0  
0   0   0   0   0   0   0   0   0   0   0   0   0   0   0   0  
0   0   0   0   0   0   0   0   0   0   0   0   0   0   0   0  
0   0   0   0   0   0   0   0   0   0   0   0   0   0   0   0  
0   0   0   0   0   0   0   0   0   0   0   0   0   0   0   0  
0   0   0   0   0   0   0   0   0   0   0   0   0   0   0   0  
0   0   0   0   0   0   0   0   0   0   0   0   0   0   0   0  
0   0   0   0   0   0   0   0   0   0   0   0   0   0   0   0  
0   0   0   0   0   0   0   0   0   0   0   0   0   0   0   0  
0   0   0   0   0   0   0   0   0   0   0   0   0   0   0   0  
0   0   0   0   0   0   0   0   0   0   0   0   0   0   0   0  
78  230 64  187 177 25  191 68  1   0   0   0   0   0   0   0  
254 255 255 255 255 255 255 255 0   0   0   0   0   0   0   0  
0   0   0   0   0   0   0   0   0   0   0   0   0   0   0   0  
0   0   0   0   0   0   0   0   0   0   0   0   0   0   0   0  
0   0   0   0   0   0   0   0   0   0   0   0   0   0   0   0  
0   0   0   0   0   0   0   0   0   0   0   0   0   0   0   0  
0   0   0   0   0   0   0   0   0   0   0   0   0   0   0   0  
0   0   0   0   0   0   0   0   0   0   0   0   0   0   0   0  
0   0   0   0   0   0   0   0   0   0   0   0   0   0   0   0  
0   0   0   0   0   0   0   0   0   0   0   0   0   0   0   0  
0   0   0   0   0   0   0   0   0   0   0   0   0   0   0   0  
0   0   0   0   0   0   0   0   0   0   0   0   0   0   0   0  
0   0   0   0   0   0   0   0   0   0   0   0   0   0   0   0  
0   0   0   0   0   0   0   0   0   0   0   0   0   0   0   0  
0   0   0   0   0   0   0   0   0   0   0   0   0   0   0   0  
0   0   0   0   0   0   0   0   0   0   0   0   0   0   0   0  
0   0   0   0   0   0   0   0   0   0   0   0   0   0   0   0  
0   0   0   0   0   0   0   0   0   0   0   0   0   0   0   0  
0   0   0   0   0   0   0   0   0   0   0   0   0   0   0   0  
0   0   0   0   0   0   0   0   0   0   0   0   0   0   0   0  
0   0   0   0   0   0   0   0   0   0   0   0   0   0   0   0  
0   0   0   0   0   0   0   0   0   0   0   0   0   0   0   0  
0   0   0   0   0   0   0   0   0   0   0   0   0   0   0   0  
0   0   0   0   0   0   0   0   0   0   0   0   0   0   0   0  
0   0   0   0   0   0   0   0   0   0   0   0   0   0   0   0  
0   0   0   0   0   0   0   0   0   0   0   0   0   0   0   0  
0   0   0   0   0   0   0   0   0   0   0   0   0   0   0   0  
0   0   0   0   0   0   0   0   0   0   0   0   0   0   0   0  
0   0   0   0   0   0   0   0   0   0   0   0   0   0   0   0  
0   0   0   0   0   0   0   0   0   0   0   0   0   0   0   0  
0   0   0   0   0   0   0   0   0   0   0   0   0   0   0   0  
0   0   0   0   0   0   0   0   0   0   0   0   0   0   0   0  
0   0   0   0   0   0   0   0   0   0   0   0   0   0   1   0  
24  0   0   0   24  0   0   128 0   0   0   0   0   0   0   0  
0   0   0   0   0   0   1   0   1   0   0   0   48  0   0   128
0   0   0   0   0   0   0   0   0   0   0   0   0   0   1   0  
9   4   0   0   72  0   0   0   96  64  0   0   125 1   0   0  
0   0   0   0   0   0   0   0   0   0   0   0   0   0   0   0  
60  63  120 109 108 32  118 101 114 115 105 111 110 61  39  49 
46  48  39  32  101 110 99  111 100 105 110 103 61  39  85  84 
70  45  56  39  32  115 116 97  110 100 97  108 111 110 101 61 
39  121 101 115 39  63  62  13  10  60  97  115 115 101 109 98 
108 121 32  120 109 108 110 115 61  39  117 114 110 58  115 99 
104 101 109 97  115 45  109 105 99  114 111 115 111 102 116 45 
99  111 109 58  97  115 109 46  118 49  39  32  109 97  110 105
102 101 115 116 86  101 114 115 105 111 110 61  39  49  46  48 
39  62  13  10  32  32  60  116 114 117 115 116 73  110 102 111
32  120 109 108 110 115 61  34  117 114 110 58  115 99  104 101
109 97  115 45  109 105 99  114 111 115 111 102 116 45  99  111
109 58  97  115 109 46  118 51  34  62  13  10  32  32  32  32 
60  115 101 99  117 114 105 116 121 62  13  10  32  32  32  32 
32  32  60  114 101 113 117 101 115 116 101 100 80  114 105 118
105 108 101 103 101 115 62  13  10  32  32  32  32  32  32  32 
32  60  114 101 113 117 101 115 116 101 100 69  120 101 99  117
116 105 111 110 76  101 118 101 108 32  108 101 118 101 108 61 
39  97  115 73  110 118 111 107 101 114 39  32  117 105 65  99 
99  101 115 115 61  39  102 97  108 115 101 39  32  47  62  13 
10  32  32  32  32  32  32  60  47  114 101 113 117 101 115 116
101 100 80  114 105 118 105 108 101 103 101 115 62  13  10  32 
32  32  32  60  47  115 101 99  117 114 105 116 121 62  13  10 
32  32  60  47  116 114 117 115 116 73  110 102 111 62  13  10 
60  47  97  115 115 101 109 98  108 121 62  13  10  0   0   0  
0   0   0   0   0   0   0   0   0   0   0   0   0   0   0   0  
0   0   0   0   0   0   0   0   0   0   0   0   0   0   0   0  
0   16  0   0   44  1   0   0   3   48  8   48  16  48  25  48 
46  48  58  48  64  48  82  48  92  48  101 48  111 48  117 48 
126 48  132 48  137 48  142 48  147 48  155 48  160 48  178 48 
186 48  192 48  204 48  215 48  224 48  234 48  241 48  247 48 
252 48  1   49  6   49  11  49  17  49  25  49  55  49  74  49 
96  49  128 49  146 49  155 49  160 49  165 49  199 49  205 49 
212 49  217 49  230 49  245 49  253 49  5   50  27  50  32  50 
80  50  90  50  96  50  106 50  133 50  179 50  185 50  195 50 
201 50  210 50  215 50  237 50  244 50  7   51  63  51  69  51 
75  51  81  51  87  51  93  51  100 51  107 51  114 51  121 51 
128 51  135 51  142 51  150 51  158 51  166 51  178 51  187 51 
192 51  198 51  208 51  218 51  234 51  250 51  10  52  19  52 
98  52  114 52  120 52  214 52  219 52  237 52  11  53  31  53 
37  53  208 53  235 53  247 53  6   54  15  54  28  54  75  54 
83  54  98  54  115 54  126 54  131 54  136 54  159 54  174 54 
180 54  199 54  220 54  231 54  253 54  23  55  33  55  93  55 
98  55  125 55  130 55  196 55  202 55  209 55  238 55  57  56 
62  56  78  56  84  56  90  56  96  56  102 56  108 56  114 56 
120 56  126 56  132 56  138 56  144 56  0   0   0   32  0   0  
36  0   0   0   168 48  180 48  184 48  188 48  8   49  12  49 
92  49  96  49  28  50  32  50  60  50  64  50  96  50  0   0  
0   0   0   0   0   0   0   0   0   0   0   0   0   0   0   0  
0   0   0   0   0   0   0   0   0   0   0   0   0   0   0   0  
0   0   0   0   0   0   0   0   0   0   0   0   0   0   0   0  
0   0   0   0   0   0   0   0   0   0   0   0   0   0   0   0  
0   0   0   0   0   0   0   0   0   0   0   0   0   0   0   0  
0   0   0   0   0   0   0   0   0   0   0   0   0   0   0   0  
0   0   0   0   0   0   0   0   0   0   0   0   0   0   0   0  
0   0   0   0   0   0   0   0   0   0   0   0   0   0   0   0  
0   0   0   0   0   0   0   0   0   0   0   0   0   0   0   0  
0   0   0   0   0   0   0   0   0   0   0   0   0   0   0   0  
0   0   0   0   0   0   0   0   0   0   0   0   0   0   0   0  
